[pale_green.jpg]
filters=unsharp2=1,0.600000;finetune2=1,0.467836,0.000000,0.000000,00000000,0.000000;finetune2=1,0.327485,0.000000,0.000000,00000000,0.000000;finetune2=1,0.000000,0.000000,0.000000,00000000,-0.157895;finetune2=1,0.520468,0.000000,0.000000,00000000,0.000000;finetune2=1,0.444444,0.000000,0.000000,00000000,0.000000;
moddate=1940bc380b0fd101
width=758
height=646
textactive=0
